SHAPE:  (100, 4)
[  2.00000000e+00   4.84782881e+04   5.83270295e-28  -6.41454864e-21]
[  3.00000000e+00   2.58194976e+04  -4.52798207e-26  -4.59537178e-26]
[  5.00000000e+00   1.31899450e+06   4.14443645e-41  -2.09764454e-21]
[  6.00000000e+00   7.39501701e+05  -4.19765563e-31  -2.63977542e-27]
[  7.00000000e+00   2.02265271e-02   2.16534234e-26  -4.91903614e-53]
[  8.00000000e+00   1.16991044e+05  -8.42241676e-37   5.46418308e-20]
[  1.00000000e+01   2.81666679e+04  -3.28983374e-42   4.76744538e-40]
[  1.20000000e+01   2.94051527e+06  -2.73867959e-27  -3.71446268e-28]
[  1.30000000e+01   1.01623469e+04  -2.42385213e-26  -1.63264784e-27]
[  1.80000000e+01   3.06559988e+05  -3.86579209e-35  -5.84953946e-20]
[  2.00000000e+01   6.41381930e+04  -1.51742744e-23  -1.36040560e-22]
[  2.40000000e+01   1.09455795e+05  -1.25750829e-39  -3.30144717e-33]
[  2.80000000e+01   1.41129438e+04  -3.35240581e-26  -1.33282181e-24]
[  2.90000000e+01   6.46900594e+05  -6.18741997e-30   1.42549329e-29]
[  3.30000000e+01   2.59840977e+02  -9.36390080e-70  -4.11892640e-40]
[  3.50000000e+01   7.80571353e+03  -1.50548069e-31  -2.32344180e-21]
[  3.80000000e+01   1.50153246e+00   1.60060557e-25  -4.82651875e-42]
[  3.90000000e+01   4.94590866e+02   9.87482629e-25  -5.19278948e-43]
[  4.20000000e+01   2.35963986e+04  -5.63576526e-28  -1.46660285e-21]
[  5.00000000e+01   1.48504540e+05  -7.29518612e-25  -1.13655322e-22]
[  5.20000000e+01   1.29698567e+04  -2.27522103e-46   3.62431016e-26]
[  5.30000000e+01   6.60229106e+04  -2.92947325e-35   2.77755926e-25]
[  5.40000000e+01   2.82662679e+04  -9.46206175e-22  -3.17605883e-26]
[  5.60000000e+01   4.97639042e+04  -2.01550838e-25  -1.32145543e-23]
[  5.70000000e+01   2.09099198e+04  -3.68631284e-24  -1.93135307e-25]
[  5.80000000e+01   9.66715978e+04   7.62140312e-28  -5.65885779e-32]
[  6.40000000e+01   4.41867808e+04  -2.58662317e-26  -3.33729183e-24]
[  6.70000000e+01   5.99446818e+03   2.94900850e-33  -4.55016572e-32]
[  7.20000000e+01   3.11125568e+05  -7.31732405e-29  -7.48664823e-33]
[  8.00000000e+01   8.11811632e+04  -1.01814450e-35  -1.48406059e-23]
[  8.20000000e+01   2.60080392e+02   3.38454538e-24  -1.42042337e-32]
[  8.70000000e+01   2.34463209e+03  -1.61516759e-41  -2.89730222e-30]
[  9.00000000e+01   7.19542896e+04  -9.60158686e-39   1.29479407e-25]
[  9.10000000e+01   7.71210875e+02   3.35251898e-24  -2.11678619e-38]
[  9.20000000e+01   5.27319213e+04  -2.53591367e-28   8.92533954e-25]
[  9.50000000e+01   5.56898912e-03  -1.09334159e-63  -5.02450713e-52]
[  9.60000000e+01   4.60070441e+04  -2.57063514e-30  -5.78373642e-27]
[  9.80000000e+01   8.28578623e+03   2.75091738e-31  -2.29540652e-21]
[  9.90000000e+01   1.56152631e+04  -9.80894804e-23  -5.02843574e-38]
